#配合筆記步驟編號
初始計算的區間: 0 10
step1.將計算的區間: 0 5.0
step2.將計算的區間: 0 2.5
step3.將計算的區間: 0 1.25
step4.將計算的區間: 0 0.625
step5.將計算的區間: 0 0.3125
step6.回傳nodes1= [0, 0.15625, 0.3125]    
step7.將計算的區間: 0.3125 0.625
step8.回傳nodes2= [0.3125, 0.46875, 0.625]
目前總nodes: [0, 0.15625, 0.3125, 0.46875, 0.625]
step9.回傳nodes1= [0, 0.15625, 0.3125, 0.46875, 0.625]
step10.將計算的區間: 0.625 1.25
step11.回傳nodes2= [0.625, 0.9375, 1.25]
目前總nodes: [0, 0.15625, 0.3125, 0.46875, 0.625, 0.9375, 1.25]
step12.回傳nodes1= [0, 0.15625, 0.3125, 0.46875, 0.625, 0.9375, 1.25]
step13.將計算的區間: 1.25 2.5
step14.回傳nodes2= [1.25, 1.875, 2.5]
目前總nodes: [0, 0.15625, 0.3125, 0.46875, 0.625, 0.9375, 1.25, 1.875, 2.5]
step15.回傳nodes1= [0, 0.15625, 0.3125, 0.46875, 0.625, 0.9375, 1.25, 1.875, 2.5]
step16.將計算的區間: 2.5 5.0
step17.回傳nodes2= [2.5, 3.75, 5.0]
目前總nodes: [0, 0.15625, 0.3125, 0.46875, 0.625, 0.9375, 1.25, 1.875, 2.5, 3.75, 5.0]
step18.回傳nodes1= [0, 0.15625, 0.3125, 0.46875, 0.625, 0.9375, 1.25, 1.875, 2.5, 3.75, 5.0]
step19.將計算的區間: 5.0 10
step20.回傳nodes2= [5.0, 7.5, 10]
目前總nodes: [0, 0.15625, 0.3125, 0.46875, 0.625, 0.9375, 1.25, 1.875, 2.5, 3.75, 5.0, 7.5, 10]
近似面積: -0.00010216981376565126 誤差: 0.019150970670685795 分點數: 13
        

